N <- 40
switched <- 
   c(0, 1, 1, 1, 0, 0, 1, 0, 0, 1, 0, 1, 1, 1, 1, 1, 1, 0, 0, 0, 1, 1, 0, 
     0, 1, 1, 1, 1, 1, 1, 1, 1, 1, 0, 1, 1, 0, 1, 1, 1)
whatever <- c(1, 1, 0, 1, 1, 1, 1, 1, 1, 1, 1, 1, 1, 1, 1, 1, 1, 1, 1, 1, 1, 1, 1, 1, 1, 1, 1, 1, 1, 1, 1, 1, 1, 0, 0, 1, 0, 1, 1, 0)
arsenic <- 
c(2.36, 0.71, 2.07, 1.15, 1.1, 3.9, 2.97, 3.24, 3.28, 2.52, 3.13, 3.04, 2.91, 3.21, 1.7, 1.8, 1.44, 1.43, 2.33, 2.83, 1.79, 2.54, 2.25, 2.42, 1.62, 2.34, 3.49, 2.13, 0.93, 3.36, 1.49, 0.83, 1.37, 2.8, 0.81, 1.48, 1.92, 2.74, 2.49, 3.95)
dist <- 
c(16.826000213623, 47.3219985961914, 20.9669990539551, 21.4860000610352, 40.8740005493164, 69.5179977416992, 80.7109985351563, 55.1459999084473, 52.6469993591309, 75.0719985961914, 29.7740001678467, 34.5040016174316, 63.8040008544922, 73.6039962768555, 67.6549987792969, 80.6600036621094, 52.181999206543, 52.181999206543, 50.5340003967285, 31.4220008850098, 33.0089988708496, 37.8709983825684, 48.3730010986328, 47.3089981079102, 67.7850036621094, 81.1380004882813, 95.4599990844727, 114.417999267578, 157.628997802734, 151.919998168945, 107.69100189209, 105.667999267578, 105.625999450684, 107.69100189209, 107.69100189209, 125.317001342773, 107.69100189209, 107.69100189209, 107.69100189209, 107.69100189209)
dist100 <-
    c(0.16826   , 1.47321999, 1.20966999, 0.21486   , 0.40874001, 0.69517998, 0.80710999, 0.55146   , 0.52646999, 0.75071999, 0.29774   , 0.34504002, 0.63804001, 0.73603996, 0.67654999, 0.80660004, 0.52181999, 0.52181999, 0.50534   , 0.31422001, 0.33008999, 0.37870998, 0.48373001, 0.47308998, 0.67785004, 0.81138   , 0.95459999, 1.14417999, 1.57628998, 1.51919998, 1.07691002, 1.05667999, 1.05625999, 1.07691002, 1.07691002, 1.25317001, 1.07691002, 1.07691002, 1.07691002, 2.07691002)
assoc <- 
c(0, 0, 0, 0, 1, 1, 1, 0, 1, 1, 1, 0, 1, 1, 1, 1, 0, 1, 1, 0, 1, 0, 1, 0, 0, 1, 0, 0, 1, 1, 0, 0, 1, 0, 0, 1, 1, 0, 1, 0)
educ <- 
c(0, 0, 10, 12, 14, 9, 4, 10, 0, 0, 5, 0, 0, 0, 0, 7, 7, 7, 0, 10, 7, 0, 5, 0, 8, 8, 10, 16, 10, 10, 10, 10, 0, 0, 0, 3, 0, 10, 0, 0)
educ4 <- 
    c(0  , 0  , 2.5 , 3  , 3.5 , 2.25, 1  , 2.5 , 0  , 0 , 1.25,
             0 , 0 , 0 , 0 , 1.75, 1.75, 1.75, 0 , 2.5 , 1.75, 0 ,
                    1.25, 0 , 2 , 2 , 2.5 , 4 , 2.5 , 2.5 , 2.5 , 2.5 , 0 ,
                    0 , 0 , 0.75, 0 , 2.5 , 0 , 0)
