N <-
100
w_true1 <-
-2.19319863683063
w_true2 <-
-0.454844555953576
x1 <-
c(3.26004157075658, 1.60392635269091, -1.86896306462586, -4.46817745454609, 
3.68986733257771, -1.10534857725725, 0.633939618710428, 2.88102907361463, 
-1.05063115945086, -0.932698477990925, 4.78942455723882, -0.0549748656339943, 
-0.67730508511886, 3.09836499858648, -2.84445244353265, 1.24302692944184, 
-1.16806872887537, 3.79099464276806, 1.96717270417139, 0.292605522554368, 
-3.60019228653982, -2.07914005732164, -3.18675553891808, -2.21557767130435, 
4.2336684348993, 2.53480984130874, 0.483511707279831, 1.25871551688761, 
-1.45519464276731, -2.01671927934512, -0.502666996326298, 2.79814848443493, 
2.70479017635807, 0.0194816407747567, 3.41476429952309, -0.668417299166322, 
-0.948034492321312, 0.924596355762333, 3.41149514075369, 0.664859702810645, 
2.06631086533889, -4.4049648498185, -3.79602661821991, 4.5669793500565, 
1.52107819216326, -0.491447621025145, -3.28274189028889, 1.14370748633519, 
-2.02291488880292, -0.571813387796283, 3.28167827101424, 0.576039890293032, 
-4.41864148247987, 0.362599345389754, 1.57685310347006, 1.41865840414539, 
-1.97437269613147, -1.19422545656562, -0.714394589886069, -1.44367441069335, 
-0.313629894517362, -3.14601438585669, 1.44619041588157, -0.80898474669084, 
-2.82639576354995, 3.25730624841526, -4.76999778999016, 4.53841018024832, 
2.97267806949094, -0.309230065904558, -4.44980596425012, -0.540802089963108, 
-3.50085394689813, 0.726099882740527, 2.31717778136954, -4.32744082529098, 
-4.79130898369476, -1.14550715312362, 2.9560176259838, -1.13452084828168, 
-3.69534482015297, 4.12172084208578, -0.025432463735342, 3.44512265874073, 
2.5938236922957, 1.90018751192838, -4.61114576319233, -2.54711292451248, 
-3.28349252929911, 0.82975507248193, 1.14340348402038, -3.28614129917696, 
0.0553049310110509, -1.36651063803583, 1.77628725068644, -0.25709654437378, 
4.66072750277817, 2.93408260913566, 2.60198748670518, 3.91760920872912
)
x2 <-
c(0.177062163129449, 0.887472426984459, -1.5767470235005, 0.022240555845201, 
3.892493955791, 4.32307264534757, -4.11117804469541, 2.91689779376611, 
0.452305572107434, 4.79528502561152, 0.372989887837321, 3.63508017500862, 
-1.22447468107566, 4.71006595529616, 4.72338131628931, 2.15643665287644, 
2.39386815577745, -2.50320771941915, 1.04228227166459, 2.02723130583763, 
-1.00653274916112, -2.04575837124139, -1.767625764478, -1.2827300070785, 
-2.41717458236963, 3.24208985315636, -1.87313563888893, -1.78576650097966, 
-1.73694545635954, -4.1052653407678, 3.56880207546055, -0.234824274666607, 
-1.36429488891736, 2.677540066652, 1.4391138125211, -2.92798241367564, 
-0.523215085268021, 3.07707781437784, 2.86709525389597, 3.30324192531407, 
-4.10809451481327, 1.87753185862675, -0.0235619908198714, 3.03437309572473, 
-3.20257508195937, -0.159887196496129, -3.20298050763085, 1.41515158349648, 
-4.10260442178696, -0.753114882390946, -1.66438034502789, -4.19131172588095, 
3.19726495072246, -2.83262971788645, 0.66771607613191, -4.7020383994095, 
1.95932509377599, -4.68363347928971, 1.23155182227492, 4.43725348217413, 
4.64473325060681, -2.04992374172434, -4.83125178609043, -3.71421329909936, 
2.29414958041161, -3.57851502485573, 1.13580438541248, 2.97731893369928, 
-3.86426374549046, 4.02232500957325, -0.25272753322497, 0.586714057717472, 
-1.92732080351561, -4.43056971766055, 0.785288370680064, -4.4759300770238, 
0.204345912206918, 1.74208408920094, 1.20162449544296, 0.0483486405573785, 
-2.34573282301426, -4.37068570405245, -2.24426291417331, -2.67369687091559, 
-3.50804614135996, 1.12967348657548, -4.66387403663248, 1.44132585963234, 
-2.38387655699626, 4.27621345967054, 0.240160014946014, 0.581324438098818, 
3.84084400488064, -1.7149151628837, 1.66554015828297, 2.94062895234674, 
-0.59350251685828, 4.14357465226203, 3.36610601050779, 2.97277570702136
)
y <-
c(0, 0, 1, 1, 0, 1, 1, 0, 1, 1, 0, 0, 1, 0, 1, 
0, 1, 0, 0, 1, 1, 1, 1, 1, 0, 0, 1, 0, 1, 1, 1, 
0, 0, 0, 0, 1, 1, 0, 0, 0, 0, 1, 1, 0, 0, 1, 1, 
1, 1, 1, 0, 0, 1, 0, 0, 0, 1, 1, 0, 1, 1, 1, 0, 
0, 1, 0, 1, 0, 0, 1, 1, 0, 1, 0, 0, 1, 1, 1, 0, 
1, 1, 0, 1, 0, 0, 0, 1, 1, 1, 0, 0, 1, 1, 1, 0, 
0, 0, 0, 0, 0)
