N <- 10
y <-
    c(1.6024, 0.880643, -0.792556, -1.02184, -0.530578, 0.494777, -1.51075,
      -0.630318, -1.18208, 0.187967)
